display_type=built-in
screen_width=1920
screen_height=1080
reference_width=2880
reference_height=1800
x_scale=0.6666666666666666
y_scale=0.6
y_multiplier=1.6666666666666667
x_multiplier=1.5
y_length_multiplier=1.6666666666666667
x_length_multiplier=1.5
